20x20
  *  *  *  *  i  i* 
  *  *              
  *  *      *   *   
  *  *            * 
  *  *    *i **     
  *  **        *  * 
  *  * *   *        
  *  *         *  i 
  *  * *    *       
  *  *          * * 
  *  *       *    * 
  *  *         *  * 
  *  * *   *        
  *  *    i      *  
  *  *        *     
  *  *   i    *     
  *  * *    *       
  *  *         *    
  *  *  * *  *      
  *  *              
save
0a0q0 0 0 0 010 0 0 0 0 0 0 0 0 0 0 0 01
0b0r0 0 0 0 020 0 0 0 0 0 0 0 0 0 0 0 02
0c0s0 0 0 0 030 0 0 0 0 0 0 0 0 0 0 0 03
0d0t0 0 0 0 040 0 0 0 0 0 0 0 0 0 0 0 04
0d0u0 0 0 0 050 0 0 0 0 0 0 0 0 0 0 0 05
0e0v0 0 0 0 0 0 0 0 0 0 0 0 0 0 0 0 0 06
0f0w0 0 0 0 0 0 0 0 0 0 0 0 0 0 0 0 0 07
0g0x0 0 0 0 0 0 0 0 0 0 0 0 0 0 0 0 0 08
0h0y0 0 0 0 0 0 0 0 0 0 0 0 0 0 0 0 0 09
0+0z0 0 0 0 0 0 0 0 0 0 0 0 0 0 0 0 0 00
0i0 0 0 0 0 0 0 0 0 0 0 0 0 0 0 0 0 0 09
0 0 0 0 0 0 0 0 0 0 0 0 0 0 0 0 0 0 0 08
0j0 0 0 0 0 0 0 0 0 0 0 0 0 0 0 0 0 0 07
0k0 0 0 0 0 0 0 0 0 0 0 0 0 0 0 0 0 0 06
0l0 0 0 0 0 0a0b0c0d0e0f0g0 0 0 0 0 0 05
0m0 0 0 0 0 01020304050607080 0 0 0 0 04
0n0 0 0 0 0 0 0 09000?0?0 0 0 0 0 0 0 03
0o0 0 0 0 0 0 0 0 0 0+0?0 0 0 0 0 0 0 02
0p0 0 0 0 0 0 0 0 0 0 0?0 0 0 0 0 0 0 01
0 0 0 0 0 0 0 0 0 0 0 0?0 0 0 0 0 0 0 00
